1
2
3
5
6
8
9
10
12
14
18
21
22
23
24
28
29
35
36
38
39
40
41
42
46
48
51
52
53
54
55
56
58
61
65
66
68
69
70
72
76
78
79
81
82
83
86
88
89
91
92
96
98
102
103
107
108
110
111
112
113
119
120
121
123
124
125
127
128
129
131
133
136
137
139
141
147
148
153
156
157
161
162
163
165
166
168
174
175
178
191
199
200
202
204
205
206
211
214
219
221
223
224
228
231
233
235
237
239
241
242
246
249
251
256
259
264
266
272
276
278
280
282
284
285
291
293
299
302
304
308
310
314
318
320
323
328
334
335
336
337
341
344
346
352
354
355
356
359
361
363
366
371
373
382
387
388
391
402
403
404
405
407
412
413
416
420
424
426
428
430
431
432
433
434
439
445
448
453
455
459
460
467
469
470
472
473
475
478
479
480
482
484
485
486
490
492
494
501
505
510
511
529
532
534
537
540
541
550
565
569
573
583
607
611
613
614
620
621
631
636
638
642
644
645
650
656
659
671
674
678
682
685
693
696
699
708
712
716
717
722
723
724
734
735
758
776
783
784
785
793
795
797
799
800
803
805
810
813
817
831
856
857
863
872
873
884
885
917
921
924
925
928
933
937
941
953
957
958
963
977
981
990
1000
