1
2
3
4
5
7
10
11
12
13
15
16
17
18
22
24
26
27
28
29
30
31
33
34
38
39
44
46
49
50
51
52
53
54
58
60
61
62
63
64
71
75
76
79
82
83
84
85
90
91
92
94
95
97
101
102
103
105
110
111
117
118
120
121
122
125
126
128
132
133
135
139
144
145
146
148
149
150
151
153
154
156
158
160
165
167
172
175
178
180
181
183
191
193
194
195
198
205
214
218
219
228
232
233
234
239
248
250
258
263
268
269
274
279
284
287
295
300
303
315
318
321
324
327
332
338
341
343
344
345
350
351
352
359
365
372
375
376
377
378
381
383
385
392
396
400
406
407
408
409
422
427
430
434
436
446
447
449
455
456
460
462
465
466
471
474
476
479
485
489
492
493
495
496
499
502
508
509
511
512
513
515
520
521
523
524
526
528
530
531
533
535
536
538
542
544
545
546
548
555
558
560
561
568
571
577
582
584
592
594
596
602
607
612
613
618
619
620
621
623
628
635
638
640
652
659
660
664
672
673
679
698
700
703
705
706
707
713
719
720
724
725
729
730
733
736
739
743
744
747
748
754
756
758
764
765
768
775
780
782
787
792
806
807
812
821
822
825
829
837
845
849
855
862
871
872
888
890
895
898
903
911
912
918
924
930
934
939
950
951
953
955
962
965
967
969
973
974
984
985
991
992
994
