1
2
3
4
5
6
7
8
9
10
11
14
17
18
19
20
21
23
24
25
27
30
32
33
34
35
36
37
40
44
48
49
51
52
55
58
59
64
67
71
77
81
85
92
93
95
99
101
106
107
109
114
115
120
122
125
126
128
130
132
134
137
143
144
146
149
151
155
156
159
164
165
167
169
171
172
173
174
176
179
180
181
184
185
186
187
189
192
194
197
201
202
215
227
230
236
237
238
243
256
261
266
271
274
275
284
292
296
297
298
301
305
312
317
318
319
322
327
330
334
335
338
339
346
347
350
353
355
356
363
368
375
377
378
379
384
389
391
395
399
401
414
415
419
425
426
427
435
437
443
444
454
456
458
461
462
463
472
478
481
486
489
490
491
494
509
510
512
513
517
519
522
523
525
526
542
543
545
547
549
553
554
562
568
573
576
578
580
581
582
587
588
591
595
599
609
614
617
627
629
630
632
633
634
635
636
642
647
649
651
654
657
687
690
692
693
697
708
713
717
718
720
721
726
727
728
732
739
740
743
744
749
752
755
764
767
773
776
779
780
785
799
807
808
817
818
819
827
831
832
841
844
856
858
859
861
864
868
880
887
893
894
895
900
905
907
916
917
923
931
936
944
948
960
962
976
979
980
983
989
991
993
997
