1
3
4
5
7
8
10
12
13
14
15
16
17
19
21
22
23
24
25
26
28
29
30
33
36
39
41
42
43
45
48
49
52
53
55
57
62
63
64
66
69
72
73
75
78
81
85
86
87
89
93
97
98
100
104
111
112
115
116
117
118
121
124
126
129
135
137
140
142
147
150
152
154
157
159
161
167
169
170
176
177
178
180
182
183
185
190
195
196
197
198
208
215
217
218
220
222
227
228
229
232
234
240
243
244
248
249
254
255
260
263
269
273
277
278
281
286
288
290
291
294
299
301
305
306
309
310
311
315
316
317
321
324
327
329
332
336
339
340
342
346
354
355
356
357
362
364
367
368
372
373
374
375
376
377
380
381
382
383
387
398
404
408
412
414
417
421
423
430
431
432
433
436
438
440
445
447
448
449
450
451
452
453
457
461
464
469
471
473
474
475
488
496
497
503
505
509
512
518
521
526
527
533
534
539
542
546
547
551
563
571
572
579
591
592
593
600
601
603
605
611
624
626
648
650
653
661
664
665
667
670
676
688
689
691
697
699
703
704
709
711
714
731
732
745
746
747
750
761
771
772
775
779
782
784
786
788
792
794
804
813
815
816
827
838
847
860
867
869
870
881
887
889
891
892
897
899
901
902
913
916
923
929
934
935
946
949
954
956
957
961
969
972
978
989
996
