1
2
3
5
7
9
11
14
17
18
19
21
26
35
37
39
40
43
44
46
47
49
50
54
56
60
63
64
65
67
68
71
72
73
74
76
77
80
87
89
90
91
94
96
97
98
99
101
109
115
117
119
131
133
134
136
138
141
144
145
148
151
154
155
158
159
160
162
163
164
168
169
170
174
179
187
191
195
196
199
200
201
206
207
208
209
211
213
216
217
224
225
226
227
230
235
240
245
253
259
261
267
268
275
276
277
278
289
309
316
319
323
330
333
341
342
343
350
357
358
359
360
361
366
370
372
373
386
390
395
397
401
403
405
410
411
417
418
422
426
429
437
440
441
442
446
448
457
459
464
468
469
470
475
482
483
484
485
488
490
497
498
499
500
502
504
506
507
508
510
514
515
516
517
518
520
522
525
527
528
530
531
535
538
539
541
546
549
551
555
556
564
570
575
586
590
595
599
617
618
622
632
643
645
652
658
673
675
683
687
690
691
698
702
711
714
722
757
759
760
771
774
778
783
788
789
790
796
802
803
809
811
814
815
819
820
821
823
829
836
842
843
844
850
853
859
863
865
866
876
886
889
894
899
904
908
918
919
932
942
943
945
958
959
960
966
974
978
992
994
995
996
997
999
