1
2
3
4
5
6
8
9
11
12
13
15
16
19
20
23
24
25
27
29
30
32
33
35
43
45
47
51
52
54
58
59
62
64
65
67
68
71
74
75
77
79
80
82
84
86
87
88
89
90
93
100
105
107
112
118
119
120
122
126
137
140
143
146
147
150
151
152
153
155
157
158
160
164
169
170
172
175
177
181
184
188
203
210
212
214
215
221
222
226
229
231
233
236
239
241
245
247
249
250
251
252
253
254
255
257
260
262
263
269
272
275
283
285
286
289
290
292
295
298
303
307
308
313
319
322
325
331
340
342
345
347
348
352
353
361
365
368
369
379
382
384
388
390
392
393
398
400
402
403
406
407
408
410
411
416
418
421
422
424
438
439
441
442
450
452
454
463
468
477
479
487
493
496
500
503
505
506
507
523
528
529
531
532
533
536
543
554
557
566
567
569
570
574
578
583
584
586
589
603
604
606
616
622
623
637
646
649
651
654
663
672
676
684
685
686
688
694
695
710
715
738
741
746
752
753
757
762
763
765
766
769
778
809
812
824
826
828
833
834
835
840
842
854
857
861
862
865
871
877
878
879
881
882
883
886
898
905
906
909
910
922
930
937
938
954
959
965
971
983
988
993
995
999
