1
2
3
4
5
6
7
8
9
11
13
15
17
18
19
20
21
29
31
32
38
41
42
44
45
47
50
55
56
57
58
61
62
63
65
66
68
69
70
73
80
83
85
88
92
94
95
96
99
102
103
104
105
106
108
110
113
114
115
116
117
119
124
127
128
132
135
136
138
140
141
142
143
149
152
154
162
163
165
166
167
171
176
178
179
180
186
187
188
193
199
200
202
203
207
208
213
216
219
224
225
234
238
244
246
250
257
261
262
264
270
273
279
281
288
290
292
293
296
304
306
312
313
314
320
325
326
337
338
339
344
345
348
349
351
358
360
362
364
366
369
370
380
381
384
387
388
389
390
394
397
405
410
411
414
415
419
420
423
424
429
435
437
442
444
449
451
452
458
465
466
471
474
476
477
483
486
487
491
492
493
498
500
503
504
516
517
525
537
538
540
541
544
550
557
559
561
580
588
594
596
598
606
608
610
624
625
628
631
641
643
648
656
657
662
665
666
667
670
671
679
689
692
706
707
709
728
735
748
749
754
759
762
766
770
774
781
787
791
798
801
804
811
830
832
835
841
843
846
850
851
854
855
864
866
873
874
892
893
897
902
903
907
920
926
931
932
936
940
942
946
947
955
956
970
971
985
986
