1
2
4
5
6
7
9
10
11
13
14
16
18
20
22
23
25
26
28
31
32
34
36
37
40
41
45
46
47
48
50
53
56
57
59
60
62
66
67
70
72
73
74
78
79
83
84
88
97
102
103
104
105
106
108
109
111
116
118
122
123
124
125
127
129
130
134
138
139
140
142
147
155
158
170
172
173
174
177
183
189
190
201
204
205
207
209
210
216
217
220
221
222
223
226
232
235
237
238
241
242
243
244
247
248
253
257
259
265
270
271
273
274
279
280
287
294
295
296
297
300
301
302
307
309
320
322
325
326
328
330
333
334
335
343
348
349
351
354
362
364
371
374
376
378
383
386
392
393
394
398
412
413
415
416
418
425
427
428
431
439
440
443
451
453
456
458
467
470
472
480
481
482
484
487
498
501
502
504
506
511
513
514
515
519
535
537
540
543
544
552
556
558
562
564
574
575
593
597
598
601
604
608
615
616
619
625
626
637
639
640
655
668
669
677
680
681
686
696
700
701
704
719
727
730
734
741
742
745
751
756
761
763
769
777
790
793
794
796
801
802
810
820
822
825
826
848
852
858
860
874
875
877
880
882
890
896
900
904
913
914
915
919
921
928
940
941
944
945
948
950
952
961
963
966
967
968
973
975
977
981
982
984
986
987
988
998
