1
2
3
4
6
8
9
10
11
12
14
15
16
17
19
20
22
25
26
27
28
31
32
33
34
37
38
42
43
46
47
48
51
54
57
59
60
61
65
74
75
76
80
82
84
91
96
98
100
101
104
107
108
112
113
114
116
123
127
129
130
131
134
135
143
145
146
148
153
156
157
161
162
164
166
168
171
173
176
177
182
186
189
192
193
197
198
203
204
211
212
213
220
223
225
230
231
251
252
256
258
264
265
267
271
272
281
282
283
285
287
291
293
297
299
304
306
307
308
310
311
312
317
326
328
329
331
332
340
353
357
363
367
369
370
371
374
379
385
386
393
395
396
399
404
409
413
429
432
438
441
447
450
455
459
460
463
464
465
466
473
476
478
480
488
489
495
497
514
516
520
524
527
529
530
532
536
548
552
560
563
566
567
576
577
579
581
585
587
610
612
627
629
634
639
644
646
647
655
660
662
666
668
669
674
678
682
683
694
702
705
710
715
718
723
725
729
731
733
737
738
742
751
753
767
791
797
798
808
814
818
823
824
833
839
840
849
867
868
869
870
876
878
879
885
891
896
901
906
908
910
912
920
922
926
927
929
935
938
947
949
951
964
970
975
976
979
980
982
990
1000
