1
2
4
6
7
8
10
12
13
15
16
20
21
22
23
24
25
26
27
30
31
34
35
36
37
38
39
40
41
42
43
44
45
49
50
53
55
56
57
59
60
61
63
66
69
70
77
78
81
86
87
90
93
94
95
99
100
106
109
110
113
114
121
123
130
131
132
133
136
138
139
141
142
144
145
149
150
152
159
160
161
163
166
168
171
173
175
179
182
184
185
188
190
192
194
196
206
209
210
212
218
229
236
240
242
245
246
247
252
254
255
258
260
262
265
266
267
268
270
276
277
280
282
283
286
288
289
294
298
300
302
303
305
311
313
314
315
316
321
323
324
329
331
333
336
337
347
349
358
360
365
367
380
385
389
391
394
396
397
399
400
401
402
406
409
417
419
420
421
423
425
428
433
434
435
436
443
444
445
446
454
457
461
462
467
468
477
481
483
491
494
495
499
501
507
508
518
519
521
522
524
534
539
545
553
559
565
572
585
589
590
597
600
602
605
609
615
630
633
641
653
658
661
663
675
677
680
681
684
695
701
712
716
721
726
736
737
740
750
755
760
768
770
772
773
777
781
786
789
795
800
805
806
816
828
830
834
836
837
838
839
845
846
847
848
851
852
853
875
883
884
888
909
911
914
915
925
927
933
939
943
952
964
968
972
987
998
